gen,avg_fit
1,1.728292464813684
2,1.7098473602724442
3,1.7040111693466313
4,1.6490948122328517
5,1.6429712671785361
6,1.5988668927297947
7,1.5523713706455284
8,1.5395562674800793
9,1.5318945013607135
10,1.5077200888044568
11,1.5053446685286955
12,1.498771982024259
13,1.4717559446404476
14,1.4701486866853624
15,1.450204507504655
16,1.4461518029453226
17,1.4388119624051081
18,1.3847869762572464
19,1.3426965919970448
20,1.2811700722195838
21,1.2798171282161461
22,1.2715831133010682
23,1.2560948489834227
24,1.251806109169927
25,1.2486288102803598
26,1.220333909563441
27,1.1628403644714325
28,1.1603796098408605
29,1.1381595902970953
30,1.1316588830841834
31,1.0941691755998824
32,1.0919770205275496
33,1.089506760220428
34,1.0869240172520374
35,1.0762763661789205
36,1.0751423684141093
37,1.0660289146896744
38,1.0534931818267483
39,1.049240721423133
40,1.0488421520569011
41,1.0458342120489104
42,1.0293232994851151
43,1.0233965937874574
44,1.0194205424384286
45,1.0160565294456883
46,1.0109627353921191
47,0.9973015162908685
48,0.9899707385357065
49,0.9830671343412413
50,0.9824183619045466
51,0.975389049554847
52,0.9581048083881765
53,0.9527671719399025
54,0.9504329994685302
55,0.9482104780589667
56,0.9470497466095242
57,0.9440308285463359
58,0.9439522200171879
59,0.9379852818674567
60,0.9294766035499167
61,0.9239603404799059
62,0.9217669980814317
63,0.9216644215837047
64,0.8689037351772697
65,0.8682720941606169
66,0.8522621861124303
67,0.8382232488824057
68,0.8369886228712938
69,0.8349618665709267
70,0.8292319248441399
71,0.8282401282312233
72,0.8275306961500478
73,0.8208997058069671
74,0.8200400722572766
75,0.8146495903724812
76,0.8118139940520614
77,0.8092343748822097
78,0.8083751630217639
79,0.8074408103783612
80,0.8007710246247672
81,0.8005808545544323
82,0.7992446273492095
83,0.7980168590888874
84,0.7896771438775433
85,0.7859049309843122
86,0.774323631653738
87,0.7734859188773548
88,0.7732990916955017
89,0.7684584525371086
90,0.764899192712456
91,0.7644201820001357
92,0.7643627568770684
93,0.7595858540455782
94,0.7594900881825241
95,0.7571048701102894
96,0.7544100096305343
97,0.7537666319892048
98,0.7504614434681985
99,0.7487316671189814
100,0.7435959067402432
101,0.7433655960942623
102,0.7295914820657213
103,0.7281719936148239
104,0.723687012819353
105,0.7223251379559897
106,0.7191287334810895
107,0.7171629949076901
108,0.6889426837151623
109,0.6888177317736014
110,0.6793107383283956
111,0.6781951299839428
112,0.6777582010312776
113,0.6774454560274705
114,0.676364096388267
115,0.6762634964116365
116,0.67406765450317
117,0.6723693729221792
118,0.6693099302869937
119,0.6687307554221227
120,0.6683348245584277
121,0.6630995643643848
122,0.6571000383525191
123,0.6564742350227288
124,0.6563540206067048
125,0.6536807157503525
126,0.6482847071450649
127,0.6412307012385885
128,0.6395894207356145
129,0.6389826947214872
130,0.6350986140323104
131,0.6339429593444452
132,0.6335330279266647
133,0.6292039166685514
134,0.6280640411681782
135,0.6269903214073018
136,0.6264858962616189
137,0.6259886068518141
138,0.6190589992725272
139,0.6185944155151488
140,0.6181120666259583
141,0.6178152562928285
142,0.6156110842549246
143,0.6109237491613331
144,0.6097313203443623
145,0.6087824912740952
146,0.6067175190914506
147,0.6063654886695162
148,0.6039002391614086
149,0.6031755956419477
150,0.6024226117782753
151,0.6022665231509751
152,0.6012000969649682
153,0.5984268682482605
154,0.5911899434418135
155,0.5906742481210092
156,0.5900225097247664
157,0.5898156063655758
158,0.5890350383713655
159,0.5886042651393506
160,0.5881926893690963
161,0.587057480720085
162,0.583979618039065
163,0.5837811531763801
164,0.5819706574959858
165,0.5795842285395512
166,0.579565111175189
167,0.5763934332383472
168,0.5737308755682203
169,0.5728835511040249
170,0.5717590590157632
171,0.5716535801652456
172,0.5716110790721517
173,0.5693297119886017
174,0.5677201241415444
175,0.5659827408952816
176,0.5648941159508786
177,0.5627030563282599
178,0.5612458325794755
179,0.5596862938274118
180,0.5590043775584052
181,0.5588453394621978
182,0.5585629325259516
183,0.557141644239395
184,0.5561029011277714
185,0.5552895992114647
186,0.5547602260819745
187,0.5526588190062646
188,0.5522925288916027
189,0.5520647177556144
190,0.5520433081921734
191,0.5488576650383337
192,0.546357415322915
193,0.5456061582649208
194,0.5446918629524089
195,0.5443029830155822
196,0.543046191227356
197,0.5420366035687632
198,0.5398129372375632
199,0.5392819786507452
200,0.5379057663530618
201,0.5340778551424414
202,0.5313267922028481
203,0.5298662514794461
204,0.5294172984937919
205,0.5284567752033532
206,0.5271760460720236
207,0.5271217141220195
208,0.527007236093207
209,0.5254356685965428
210,0.5254038369480818
211,0.5250000047116117
212,0.5246490320464979
213,0.5222042356446616
214,0.5196627546154948
215,0.5179242452940422
216,0.517339374090659
217,0.5116480558005594
218,0.5110949832643553
219,0.5108076173568236
220,0.5107642399039585
221,0.5106834310521594
222,0.5102542762587542
223,0.5101492544345689
224,0.509932376593467
225,0.5092586420381301
226,0.5058105974512066
227,0.5048776418006649
228,0.5017489667435602
229,0.5009134448666048
230,0.5008345984010675
231,0.5001359629780401
232,0.5001029934753601
233,0.4997192798207326
234,0.4992446697537146
235,0.4977448412563795
236,0.4969733619610859
237,0.49692159783944334
238,0.49533727600998106
239,0.49495410654650174
240,0.4927335310325591
241,0.4919242316303684
242,0.49095918990433546
243,0.48894395349450814
244,0.4879872442537184
245,0.4857994780476589
246,0.484618898934045
247,0.4835656629049159
248,0.48350828018635367
249,0.481985755855591
250,0.48105771677182985
251,0.47905258676904056
252,0.47832127396325697
253,0.47754183675584805
254,0.47635392166285967
255,0.4761288079245539
256,0.4739333665030795
257,0.4733340282960551
258,0.47273895645340025
259,0.47267183954512215
260,0.47242962265644434
261,0.4705061213258852
262,0.4658560739270718
263,0.46510603717650073
264,0.4615188115807646
265,0.46021524055604557
266,0.4600694114631627
267,0.4593974390505914
268,0.4585092484225524
269,0.4582053706719135
270,0.4579684402115325
271,0.45744943262772236
272,0.4572539926197315
273,0.45681597057315815
274,0.4566100401617779
275,0.4554733355760605
276,0.4551112505748166
277,0.4537640358911731
278,0.4530744420509457
279,0.4526263206647519
280,0.4525517900355067
281,0.4504548825489442
282,0.4500664949755373
283,0.449914324053343
284,0.44975040708324854
285,0.44877324002457575
286,0.4487397899375052
287,0.4470690665731883
288,0.44702110236635983
289,0.44696208943015886
290,0.4455542457275105
291,0.4445547432737032
292,0.4440633857829945
293,0.44282416123889
294,0.4422912756028978
295,0.44169880692569224
296,0.44101037685354805
297,0.4407078701819059
298,0.44007966628596845
299,0.4397276311524225
300,0.4385107702731227
301,0.4381972454975839
302,0.43734323290061894
303,0.43712509705920044
304,0.4370702256296598
305,0.43448245772742006
306,0.4326856115860416
307,0.4313168624812478
308,0.42973875055597016
309,0.42930175799654735
310,0.4291631965646697
311,0.42820208903438345
312,0.42803016939186284
313,0.4275344583719686
314,0.42698088169331555
315,0.42578367530210853
316,0.42542806641110886
317,0.4241344510218543
318,0.42258858772267077
319,0.4222454504677688
320,0.42166054392729796
321,0.4213569064688544
322,0.4209487536844803
323,0.42055899032046495
324,0.41998801130409874
325,0.4192194791219064
326,0.4182647982299417
327,0.41710391365311983
328,0.41694765776360526
329,0.41687500471161165
330,0.4163018347958176
331,0.4156372219206791
332,0.4153899023565597
333,0.41511157803182785
334,0.41417705577040503
335,0.4131191293318558
336,0.41307469176636435
337,0.4129531981477712
338,0.4128354361256229
339,0.41250106718004387
340,0.41210945215264116
341,0.4103762080572329
342,0.41001995367543403
343,0.4096818719798569
344,0.4094322507934354
345,0.40924613742075067
346,0.40909676755169583
347,0.4090349888994429
348,0.4090291394335512
349,0.40883211632403826
350,0.4085217294818735
 351,0.4085159648249919
352,0.40802848499068983
353,0.4072288514598458
354,0.40708725103843924
355,0.4067272415021372
356,0.4058906218196621
357,0.40587895115754874
358,0.40556100924606675
359,0.40531436108661073
360,0.40487231532366885
361,0.4047811856865007
362,0.40460572762361385
363,0.4044418153651311
364,0.40348970701313974
365,0.40342217783884027
366,0.4033136929800755
367,0.4026631913818969
368,0.4021589711913216
369,0.40180689600907643
370,0.4002873399936676
371,0.40022884297894473
372,0.40004195925775154
373,0.399262300604594
374,0.3988265542664586
375,0.398611386740394
376,0.39781633289609575
377,0.3973062726628521
378,0.39694432900995846
379,0.3962141281445296
380,0.39506278693715086
381,0.39467286808995033
382,0.3936508983158815
383,0.393107046403721
384,0.39249001845067133
385,0.3916701650383337
386,0.3911068471025473
387,0.3907331974504527
388,0.39047233671438586
389,0.38993496091246954
390,0.38964885064944854
391,0.38907114345161364
392,0.38823526820378285
393,0.38761655113794846
394,0.3859432410988232
395,0.3858424031858034
396,0.38551008379130197
397,0.38543871700929505
398,0.3850243566765422
399,0.3848130314697967
400,0.3846793630466412
401,0.3844077833940189
402,0.38264878562920746
403,0.3822786013674982
404,0.3822426941749403
405,0.3819585250959284
406,0.38120547055808096
407,0.38060957182757765
408,0.37994943733933406
409,0.37908964123904076
410,0.3788911033463751
411,0.3779699361482386
412,0.3776866481406096
413,0.3774635250582355
414,0.37632155053486216
415,0.3752204068382447
416,0.3744432170696037
417,0.3739699003399899
418,0.37285211287513853
419,0.37237142011745106
420,0.37213705512962586
421,0.3716365524006604
422,0.37143439599023
423,0.37138878994504376
424,0.3710764030237239
425,0.37041281021251254
426,0.3701934988239817
427,0.3699342659497478
428,0.3687721068819685
429,0.36876932467527573
430,0.3686091487248494
431,0.3685265282583622
432,0.3676253854098348
433,0.3669213033637138
434,0.3658169322131005
435,0.36472055195588426
436,0.36463305968292736
437,0.36432612880792453
438,0.36395301392375484
439,0.3634275749900114
440,0.36207228931557245
441,0.36155650447414645
442,0.36148756888376266
443,0.3611367493460283
444,0.3606669733925866
445,0.3604222145894113
446,0.3603616397539408
447,0.3602718128774001
448,0.360180120202637
449,0.3594686032332964
450,0.3593842653843544
451,0.35900435635615263
452,0.3582933105479793
453,0.35802280985443
454,0.3576725392194556
455,0.35744985902857873
456,0.35731809645234486
457,0.3566236708543471
458,0.3563272798546562
459,0.3559063279771732
460,0.3531913866084688
461,0.35271373048450444
462,0.35207947452337335
463,0.3519421169082781
464,0.35182001549177916
465,0.35015855986762257
466,0.3501207303375022
467,0.34977368951232934
468,0.3497509230047267
469,0.3493772403713504
470,0.3493064601849967
471,0.34793136453927975
472,0.34767204685603575
473,0.3476392964432986
474,0.34741925004334684
475,0.34695773590097323
476,0.3463966889620131
477,0.3463526024115913
478,0.3461034594537546
479,0.3459978015619935
480,0.34585492429382364
481,0.3445656129618322
482,0.3442931333913804
483,0.34395912488409436
484,0.3437404636979744
485,0.3435518649501323
486,0.3429664707578533
487,0.3428921639301626
488,0.34288057807705935
489,0.34282780802632473
490,0.3421903316786153
491,0.3419382793005707
492,0.34191098728995634
493,0.34182265635012177
494,0.34176005316582614
495,0.3414786922073712
496,0.3414452279854656
497,0.34095221200744813
498,0.33787612560402863
499,0.3363423523003973
500,0.33626108877807176
501,0.3359504357298475
502,0.335694609350853
503,0.33554098018484596
504,0.335125425458534
505,0.3351106993162509
506,0.33480747647963455
507,0.33451631536890036
508,0.33410334496159094
509,0.3333494140639724
510,0.3329420811000294
511,0.3324192264852885
512,0.3311647975703161
513,0.33050890588838383
514,0.33036895217525686
515,0.3302915851557847
516,0.3300544191148201
517,0.32968077181853134
518,0.32759223922171715
519,0.32715668134804865
520,0.3271174241995914
521,0.3265538164996871
522,0.32651922384678594
523,0.3258024510746244
524,0.32568283738908865
525,0.32554163509886846
526,0.3253156143753157
527,0.32503614748475324
528,0.32432744570338706
529,0.324114544462537
530,0.3237556610014248
531,0.32337373069181535
532,0.3223159597364513
533,0.3222292378120029
534,0.32221049737657464
535,0.3221236482386111
536,0.32190895894113125
537,0.32167306739112406
538,0.3214972041296334
539,0.3212793580523328
540,0.32059743942752034
541,0.32046510674627404
542,0.320442662984071
543,0.32036930319032647
544,0.3203187570203014
545,0.3200067894324204
546,0.319626039381535
547,0.3180050777038997
548,0.3176240049076147
549,0.3171011008209512
550,0.3165012914527595
551,0.316264483494282
552,0.3156154566305569
553,0.3152054027108729
554,0.31473222497380343
555,0.31441550336974466
556,0.3142019707729305
557,0.3141737694212633
558,0.31403015949747837
559,0.3140173674717869
560,0.3137755228004312
561,0.31173990395850765
562,0.3117367330438519
563,0.3117339908858584
564,0.3116579501850721
565,0.3106599153983008
566,0.31053019530572706
567,0.3091522632697831
568,0.30880580668445773
569,0.308624746515292
570,0.30844380413641814
571,0.30796816929386134
572,0.30783480476965874
573,0.30768294245802896
574,0.30732698961937716
575,0.3069006193884705
576,0.3068900771573527
577,0.306395021051481
578,0.30589795544323073
579,0.30563815953140194
580,0.30531380276062753
581,0.30508476189399253
582,0.3048090619369624
583,0.3046776362409631
584,0.30350814590542097
585,0.30339555252127764
586,0.30328729146406735
587,0.3032702589878704
588,0.3032440742059992
589,0.3031103209738336
590,0.3027162723990019
591,0.302530795093893
592,0.30252899761403984
593,0.30246072636090193
594,0.3020230553293982
595,0.3019173196960445
596,0.30140550909906444
597,0.3013220476098936
598,0.30080301175641344
599,0.30056072419356056
600,0.3003810539498383
601,0.3002386407754182
602,0.300232798376944
603,0.3001240567353431
604,0.29901783392134246
605,0.2983813752817544
606,0.29807930678999783
607,0.2980264660650881
608,0.29766687586222496
609,0.2970626705603426
610,0.2970482012008956
611,0.2965312949958915
612,0.2963076347897867
613,0.2961090874738977
614,0.29609482778117013
615,0.2960514079238
616,0.2959957944154209
617,0.2959576727653768
618,0.29595244758803174
619,0.29582194772372616
620,0.295709596987584
621,0.29562492461421325
622,0.29548613466916945
623,0.29541090672139675
624,0.2952795611227959
625,0.2942968437855727
626,0.2939409333514259
627,0.29390344541315183
628,0.29381460561925654
629,0.29371467469148366
630,0.2935951222568997
631,0.2935269523034127
632,0.2933587242086377
633,0.2929396711106588
634,0.2926437771859994
635,0.2923046118197375
636,0.29145405754574033
637,0.29127853116448427
638,0.29120257291690227
639,0.2911963700801351
640,0.2911348694129709
641,0.2897101063128058
642,0.28907989527029576
643,0.2889744211313899
644,0.28852392509291297
645,0.28844944629139624
646,0.288290002996585
647,0.28818487987274877
648,0.2879552759685189
649,0.28779201155664114
650,0.2860049537885127
651,0.28600014323299483
652,0.28588668291230374
653,0.2858313709470716
654,0.28558917526064637
655,0.28555311258490323
656,0.2848967403185803
657,0.2844235555140934
658,0.2841948868647805
659,0.28408316041718495
660,0.2840708843129716
661,0.2840652138883235
662,0.28404103625302485
663,0.2834799940256764
664,0.2833858136199501
665,0.28338218332315623
666,0.2832317203601933
667,0.28294739108638456
668,0.2828249292315927
669,0.2810667819126882
670,0.28105929751754605
671,0.28105703123233144
672,0.2802972343781803
673,0.2801894421263315
674,0.2798357178800009
675,0.27960595378097414
676,0.27948831897234094
677,0.27866595898259344
678,0.27857404015047005
679,0.27854623457418337
680,0.27853865359100194
681,0.2784770516241868
682,0.27795350440252997
683,0.27782908487308805
684,0.27752939810103205
685,0.27728548267634623
686,0.2771995546584647
687,0.27719202550301164
688,0.27714031792070926
689,0.2769800241799911
690,0.2769082097948753
691,0.2768547447814189
692,0.27684818386216464
693,0.2768135370257292
694,0.27633217286337836
695,0.27626488162546836
696,0.27613731473942904
697,0.2757297414832907
698,0.27562984118099376
699,0.27557778493942753
700,0.27507627392556405
701,0.2749989045502861
702,0.274748701479823
703,0.2746495267657236
704,0.27453022404655825
705,0.2743410269240337
706,0.2743393024741615
707,0.27426605340329135
708,0.2741075430075913
709,0.2738924673579543
710,0.2737921877709177
711,0.2730146705452654
712,0.2729620418428809
713,0.27213925780808285
714,0.2718888544941237
715,0.27178998132317134
716,0.2716246532253809
717,0.2714442597492669
718,0.27139779854656204
719,0.2713121414463517
720,0.2711294086550422
721,0.27083898255572897
722,0.27057673189421866
723,0.2704494712629381
724,0.27002695041876806
725,0.26997947621955354
726,0.26997226509788846
727,0.2696379385568145
728,0.2694375937610723
729,0.26911772715622195
730,0.26907920266337987
731,0.2690514324241807
732,0.2685680446246165
733,0.2685557661645973
734,0.2684533121687737
735,0.26794081603229525
736,0.26786861293921643
737,0.26640785783748333
738,0.26612169810253977
739,0.2659015763168012
740,0.26548425709191786
741,0.2654499824728046
742,0.26531908918892433
743,0.2640929110975417
744,0.2639202658668235
745,0.26390950454576295
746,0.26363664333476566
747,0.26360548309096804
748,0.2634216831196146
749,0.26308915405839384
750,0.2629135098868459
751,0.26282834515005543
752,0.26258662298060326
753,0.26248172365832145
754,0.26244717812153695
755,0.26220754555186165
756,0.262010475326232
757,0.26198240354388586
758,0.2619702146044885
759,0.261904499400683
760,0.26170324526388794
761,0.2616545860943378
762,0.26085228343548106
763,0.2607152862586788
764,0.2591655829959819
765,0.2590999808708566
766,0.25904488563976147
767,0.2586814060014625
768,0.2583722488899443
769,0.25821468317238466
770,0.25804965897354715
771,0.2579672293273326
772,0.2575098001522793
773,0.25725759229104944
774,0.2571650703726319
775,0.257054500625702
776,0.2566950800408591
777,0.2565115392081477
778,0.2563628595902029
779,0.25575713008194434
780,0.25567809279613424
781,0.2555759968827977
782,0.25553139912250944
783,0.25518811816345144
784,0.2550995304407807
785,0.2547261069460464
786,0.25458287866280693
787,0.254154524843386
788,0.2536554285305049
789,0.25364845770103506
790,0.2534339757144688
791,0.2527382921161544
792,0.2522082829190884
793,0.2521455242516076
794,0.25206713716820833
795,0.2520170503803213
796,0.2519739721147975
797,0.2519612554748928
798,0.25174299477576495
799,0.2515339782587391
800,0.25142304807351623
801,0.2507756773412941
802,0.2506888894542823
803,0.2500908422288562
804,0.2499036051367875
805,0.2497824130613414
806,0.24966801277412157
807,0.2494713948632125
808,0.24924878534651077
809,0.24882031373679805
810,0.2487767336846311
811,0.24872762220036035
812,0.2480835354614741
813,0.24784251532216117
814,0.24781682290370974
815,0.24743152143594846
816,0.2469918008533671
817,0.24695212908308267
818,0.24688686148238612
819,0.24664672712606764
820,0.24637746087477666
821,0.24595522508311282
822,0.24595161127695983
823,0.24534084976743484
824,0.24520215876623622
825,0.24509554912891723
826,0.24440987770540742
827,0.24432145724495102
828,0.24419523316823846
829,0.2439633323533181
830,0.24391485693662318
831,0.24369035570783484
832,0.2436745859435662
833,0.2436504954730835
834,0.24351323680183337
835,0.24305615157443217
836,0.24299987372880716
837,0.2427932153734235
838,0.242732265964825
839,0.24252769014180067
840,0.24185981918719043
841,0.241813654816021
842,0.2416071707902692
843,0.24101518740906588
844,0.24071054873314185
845,0.2405803362771483
846,0.24011392912605256
847,0.2400867242802542
848,0.24001858024063144
849,0.24000004947192258
850,0.2398833357833714
851,0.23967273616482349
852,0.23933000882013705
853,0.23904058393830427
854,0.2385902834317118
855,0.23851591535306932
856,0.23813583906265312
857,0.23811549432345025
858,0.23789974020173238
859,0.23784124554281535
860,0.23754120068827222
861,0.2374110023671137
862,0.2373628072913133
863,0.2371516988187047
864,0.23691091190416957
865,0.23662677109482777
866,0.23647038092438052
867,0.23643170565996488
868,0.236030014851
869,0.23529619311200067
870,0.235164341015145
871,0.23500212729267023
872,0.23492100747450076
873,0.23478854522393347
874,0.2347772373559189
875,0.23468960137880604
876,0.23457094650624571
877,0.234419904015047
878,0.2342407614718321
879,0.23418085804102495
880,0.23415876058227983
881,0.23411292131231579
882,0.23379604186926597
883,0.23377198673587082
884,0.23372194235248886
885,0.23304515938439965
886,0.2319665442589954
887,0.23192474048442907
888,0.23189184636753588
889,0.23170854582701977
890,0.23164837147854145
891,0.2315283290363435
892,0.23150695009837846
893,0.2314737803522024
894,0.23144430686538361
895,0.23086102818674567
896,0.2304792180232339
897,0.23018190354765514
898,0.23001583337102624
899,0.22862139420358685
900,0.22860243938982744
901,0.22859635198754627
902,0.22858474257638464
903,0.2284779138491229
904,0.2279699856201612
905,0.2272704738373627
906,0.22719813410754536
907,0.22701276752531077
908,0.22688554929853524
909,0.22685706760597357
910,0.22664863768460095
911,0.2265666132369903
912,0.22651079477350342
913,0.22616627701638134
914,0.22615504453415353
915,0.22599130660530264
916,0.2257917698509623
917,0.225661237005375
918,0.2254130811301837
919,0.2254090197209218
920,0.22530579066497802
921,0.225296706677673
922,0.22525937186677825
923,0.22518470224498874
924,0.22517606821659844
925,0.22516500535239087
926,0.2249722297608009
927,0.22453016515141236
928,0.22447951532593044
929,0.2243773369593897
930,0.2242381630179946
931,0.2235101294939352
932,0.22339897786296373
933,0.2231519928232731
934,0.2231509115083942
935,0.2230371095958568
936,0.22297157578910073
937,0.22296625166791054
938,0.22278862155204257
939,0.22276785041198333
940,0.2227638455420615
941,0.22233372957987502
942,0.22228471468364355
943,0.22222774423110267
944,0.2220949074074074
945,0.222079307261159
946,0.22204223158890624
947,0.22192429052551432
948,0.22187842769749191
949,0.22168763569441619
950,0.22152263034202532
951,0.22148558765105428
952,0.22147397352828097
953,0.22145397038092438
954,0.22139686564745084
955,0.22130739685339726
956,0.22124881974127597
957,0.2212277941741864
958,0.2211124633436612
959,0.221044253341475
960,0.220805897618563
961,0.2206878152068209
962,0.22064750736896066
963,0.22042834675200337
964,0.22037403600425176
965,0.22016380153560847
966,0.21875768699444406
967,0.2187041442393951
968,0.21846022174729177
969,0.21823848152294367
970,0.21803916621435196
971,0.21802194291788227
972,0.21789695563923378
973,0.21776384083044983
974,0.21764584087191202
975,0.21690326731423057
976,0.21672465953894052
977,0.21657930631883665
978,0.21650740476890487
979,0.216252836390227
980,0.2162133295263511
981,0.21588873953079887
982,0.2155656313371177
983,0.215410701766289
984,0.21519591588076983
985,0.21515214971994182
986,0.2149617746944991
987,0.21489572261045903
988,0.2147162620334562
989,0.2145214486698178
990,0.21442079215384732
991,0.21431095270672668
992,0.21412070018318746
993,0.21404602349398044
994,0.21393745618201143
995,0.21390454557447738
996,0.21382629041620493
997,0.21381318271253139
998,0.21380266403947198
999,0.2136750264792576
1000,0.21351944906182388
1001,0.21346142791988
1002,0.2130591929197669
1003,0.21305731769832115
1004,0.2128061134103776
1005,0.21277068915801614
1006,0.21273856774543728
1007,0.2126125580470558
1008,0.2124927770993057
1009,0.21243438138423382
1010,0.21230573553912147
1011,0.2119893767291615
1012,0.21176269637997452
1013,0.21169396103308682
1014,0.21153334219116326
1015,0.2115255963015733
1016,0.2115243383012567
1017,0.21150452597417282
1018,0.2112612843099562
1019,0.21102444101439113
1020,0.2107099833397411
1021,0.21070815052280042
1022,0.21059346282726854
1023,0.21049234928496582
1024,0.2104270133659
1025,0.21036186119968941
1026,0.21007951315858908
1027,0.2096965368711883
1028,0.2091967903558963
1029,0.20919536980497697
1030,0.20914966952755729
1031,0.20889213754513725
1032,0.2083524671883363
1033,0.20828457521993804
1034,0.20825661180466035
1035,0.20807380833917574
1036,0.20806533450558232
1037,0.20801521002480192
1038,0.20771018028510904
1039,0.20749533786024982
1040,0.20739674031858032
1041,0.20736737284302417
1042,0.20704351079147537
1043,0.20693161237005375
1044,0.20672141559430385
1045,0.20646900984538374
1046,0.2060970398828505
1047,0.20601106003724057
1048,0.2058988341588077
1049,0.20582117501941183
1050,0.20580352532208576
1051,0.2055390083753609
1052,0.20520055446246166
1053,0.20502679964719453
1054,0.20499961600364866
1055,0.20497992146685665
1056,0.20482461967870577
1057,0.20478283710639197
1058,0.204689961817099
1059,0.2046552207484301
1060,0.20459038190439574
1061,0.204577132852372
1062,0.2045434660311645
1063,0.2044388965216998
1064,0.2043881501081786
1065,0.20427399011315406
1066,0.20419305640364566
1067,0.2041559854430046
1068,0.20415445416921094
1069,0.20410216705867276
1070,0.20394276381256077
1071,0.2039265252429307
1072,0.20390351844313273
1073,0.2033496425771385
1074,0.20324144983829748
1075,0.20302917759760575
1076,0.20297581859541203
1077,0.20276672669259937
1078,0.20270039897927644
1079,0.20269866981779255
1080,0.2026837858365184
1081,0.2025720970818162
1082,0.20252111979932302
1083,0.20239390392835335
1084,0.20238237461459016
1085,0.20230827980942473
1086,0.20214834415119373
1087,0.20214140159139396
1088,0.20201388417727723
1089,0.20155116150650956
1090,0.20134200128532767
1091,0.20125642899412743
1092,0.20110438999705996
1093,0.2010597804577425
1094,0.20081850589139924
1095,0.20033354205773043
1096,0.20031975352617018
1097,0.200292690028722
1098,0.20010638583576454
1099,0.20004372375632298
1100,0.199769533870834
1101,0.1997138638231148
1102,0.19959276597990214
1103,0.1995775144929175
1104,0.19955299290996675
1105,0.1995493343435029
1106,0.19954744734302796
1107,0.19947630671838132
1108,0.19940288331787925
1109,0.19936289586961276
1110,0.19931277138883235
1111,0.19929734557221582
1112,0.19928246394674748
1113,0.1991218498164356
1114,0.19899163029302455
1115,0.19887732423803817
1116,0.19875702030139236
1117,0.1987022972876194
1118,0.19867725978319048
1119,0.1986359342372089
1120,0.19861341980083075
1121,0.1984070088050599
1122,0.1981609967131797
1123,0.1981320085223632
1124,0.19804218871324
1125,0.19796014306337684
1126,0.1979096605001093
1127,0.19759894855673912
1128,0.1975505391026076
1129,0.19709841284649193
1130,0.19707326697499453
1131,0.19706697461760558
1132,0.19657180072144198
1133,0.19641038326133992
1134,0.1964089768452556
1135,0.19633819665890193
1136,0.19633203151502815
1137,0.196291794351343
1138,0.1960793171555435
1139,0.19559917801222756
1140,0.19551321701306434
1141,0.1954954966415632
1142,0.19542041004214064
1143,0.19539137944681909
1144,0.19538604354659972
1145,0.19531855206519363
1146,0.19513939067553204
1147,0.19465585446020006
1148,0.19448230695584653
1149,0.19432527836201763
1150,0.19417878022027726
1151,0.1941282034247763
1152,0.1940999785150508
1153,0.19402155138295227
1154,0.19380971025472857
1155,0.19380893283880257
1156,0.19379913033071744
1157,0.1936718461413785
1158,0.19363435820310437
1159,0.19358457531417025
1160,0.19350728603629072
1161,0.19339218843054332
1162,0.1933153231977143
1163,0.1931153482634884
1164,0.1929370750126271
1165,0.19277530889326128
1166,0.19275367081665423
1167,0.19264488441474245
1168,0.19262562805783598
1169,0.19258466766175905
1170,0.19248563429600982
1171,0.1921540475571236
1172,0.19135676040889252
1173,0.19124044956313938
1174,0.1909709972031873
1175,0.19088558981839565
1176,0.19081230541043792
1177,0.19080450062570203
1178,0.19067945680771348
1179,0.19066624544858313
1180,0.1905689742255995
1181,0.19042731726485287
1182,0.1902685995582393
1183,0.19010384863287877
1184,0.1897719509276221
1185,0.18952267840046438
1186,0.18944187426027698
1187,0.18919066761652759
1188,0.18901014457109255
1189,0.18895985518390362
1190,0.18879174723522626
1191,0.18862801401798704
1192,0.18856215746583138
1193,0.18840416299160956
1194,0.1883794717906386
1195,0.18818282796586533
1196,0.187984082762286
1197,0.18795083527451734
1198,0.18771242065645943
1199,0.18767195969121983
1200,0.18715305576286648
1201,0.18706088485951858
1202,0.18706014984809763
1203,0.18690276788339327
1204,0.1866621340962375
1205,0.1865972080873872
1206,0.1862396368101258
1207,0.18620561661804283
1208,0.1861580929469058
1209,0.18601055353898577
1210,0.1859502802466623
1211,0.18587531143753155
1212,0.18586053346752004
1213,0.1857541287853088
1214,0.18574881879895364
1215,0.18570623525265548
1216,0.18570003477169414
1217,0.18535129069890163
1218,0.1852970506253251
1219,0.18497665867577326
1220,0.1849004365779376
1221,0.18486706187665378
1222,0.1846069620658721
1223,0.18434753837136547
1224,0.18426816420532072
1225,0.18419044381497313
1226,0.18417460573233524
1227,0.18401708713089235
1228,0.1839430700673195
1229,0.18369581646576355
1230,0.1836881247597078
1231,0.1836298515465394
1232,0.18352032306578916
1233,0.18348087274125335
1234,0.18332334707239298
1235,0.18275456837867787
1236,0.182687376084613
1237,0.18260012410385146
1238,0.1825672841704925
1239,0.1823930393476114
1240,0.1821723875055597
1241,0.1821319925028835
1242,0.18209122528288516
1243,0.18190889062276197
1244,0.18178783753986025
1245,0.18178099863551725
1246,0.1817684021417102
1247,0.1816622189052476
1248,0.1815919475729546
1249,0.18149338772417847
1250,0.18147829407618488
1251,0.18145657825798525
1252,0.18140947863189874
1253,0.18136387023090667
1254,0.18122686598668686
1255,0.18118498447052792
1256,0.18103003840905835
1257,0.18082472993041893
1258,0.1805092945963468
1259,0.18043815397170018
1260,0.18042591556038023
1261,0.1803077648302689
1262,0.18009114377200322
1263,0.18007380739685339
1264,0.18007234679723486
1265,0.18006724883340494
1266,0.1799627452865037
1267,0.17992522201114203
1268,0.1799233420780846
1269,0.17991747140994038
1270,0.17977251396521698
1271,0.17975790325741986
1272,0.17974284259070794
1273,0.1796050962676497
1274,0.17951835078514297
1275,0.1791890161966363
1276,0.17915169316477073
1277,0.17909149761403984
1278,0.1790792851165841
1279,0.17835792323465333
1280,0.17832231758524247
1281,0.1781871932740801
1282,0.1779784594537546
1283,0.17796735654084778
1284,0.17783272694891106
1285,0.1775764576784193
1286,0.1775649000949861
1287,0.17673392256748913
1288,0.17641040917520412
1289,0.1763278947199795
1290,0.17628134870826453
1291,0.1762781777936088
1292,0.17618596919736754
1293,0.1761507875930072
1294,0.17612599744819113
1295,0.17607262431116238
1296,0.1760672695644963
1297,0.1760401141906205
1298,0.17603033759639958
1299,0.17602108870268598
1300,0.17601013184974104
1301,0.17599510416431086
1302,0.17578218643281995
1303,0.17575961310129587
1304,0.1755999695629886
1305,0.1754399302493008
1306,0.1753557266812915
1307,0.17517823791377374
1308,0.17509508974677915
1309,0.17478470054880854
1310,0.1747759793556023
1311,0.174690868802346
1312,0.17448813757529155
1313,0.1744613025910095
1314,0.17441645511530257
1315,0.17441400036562107
1316,0.17434073715991588
1317,0.1743288073591605
1318,0.1742039025337163
1319,0.1741648032242501
1320,0.17411830432865189
1321,0.17388592764095256
1322,0.17381723705437577
1323,0.17370655894037737
1324,0.17364625031096637
1325,0.17359992574500005
1326,0.1735828862013856
1327,0.17345248056931345
1328,0.17328995352466245
1329,0.17316847639671015
1330,0.17315371962895115
1331,0.17314353783612638
1332,0.1730943462544572
1333,0.17303785874211275
1334,0.17295982502958893
1335,0.17292767770314585
1336,0.17265978959826914
1337,0.1726426605340329
1338,0.17250584475428002
1339,0.17244962580380094
1340,0.17239870977225955
1341,0.17239604771166445
1342,0.1723545690383035
1343,0.172335543550369
1344,0.17208790830826756
1345,0.17203328659414555
1346,0.17190123660959963
1347,0.1718405510512548
1348,0.1718039324053343
1349,0.1717990040595246
1350,0.17179087417358332
1351,0.1717774507919277
1352,0.17173376944010976
1353,0.17169737459574372
1354,0.1715972269338339
1355,0.17158535131661276
1356,0.17153697248795713
1357,0.1714609671242584
1358,0.17137103188064923
1359,0.1713566567534357
1360,0.17131276809070417
1361,0.17128501669795176
1362,0.17120104164310862
1363,0.17113374569358694
1364,0.17110419446517552
1365,0.17107958100579718
1366,0.1708782938877204
1367,0.1707486350460984
1368,0.17071207058371216
1369,0.17063080234977498
1370,0.1705173985684239
1371,0.17040328333371027
1372,0.17025811622226744
1373,0.17015077157352754
1374,0.1700085044590693
1375,0.1699637182343141
1376,0.16987715414885676
1377,0.1698044563365523
1378,0.16973713682897226
1379,0.16951152130402333
1380,0.16947709120172483
1381,0.1693836929235362
1382,0.16934088321987772
1383,0.16898106450384845
1384,0.1689795850577832
1385,0.1688657124710707
1386,0.1686732454900453
1387,0.16865795631016728
1388,0.1685525504896307
1389,0.16854728290778057
1390,0.16834974152098364
1391,0.168251937885881
1392,0.1681590084130538
1393,0.1681079180518805
1394,0.16797580917218868
1395,0.16794407882337864
1396,0.1679071798365636
1397,0.1678403479807917
1398,0.16780723241814988
1399,0.16776194440675155
1400,0.16764625313793338
1401,0.16760993839096577
1402,0.16753784837656707
1403,0.16732513088857226
1404,0.1671566271645144
1405,0.16712141964628988
1406,0.16694164574711085
1407,0.16687902136056268
1408,0.1667693350408214
1409,0.16670806995424084
1410,0.16652825129475088
1411,0.16652424406902322
1412,0.16650431159584173
1413,0.16649205669388092
1414,0.1662641136327657
1415,0.16624702226142282
1416,0.16604713684781872
1417,0.16601587059275844
1418,0.16599808190288803
1419,0.16599162463909053
1420,0.16584769432571184
1421,0.16573073798915952
1422,0.16570260024424996
1423,0.16563917723952326
1424,0.16563640210024802
1425,0.16551267988933366
1426,0.16533243718479318
1427,0.1653321073719761
1428,0.1649986972393725
1429,0.1649737586787887
1430,0.16496669361708544
1431,0.16485492712079064
1432,0.16475257206881214
1433,0.16467436638246225
1434,0.1644725162267906
1435,0.16445578058212904
1436,0.16439125034865926
1437,0.16431373726922527
1438,0.164217655728189
1439,0.16414570470633466
1440,0.16413652884260202
1441,0.16412990431659016
1442,0.16393714050402938
1443,0.16389822023580675
1444,0.163865679489789
1445,0.16380379953788513
1446,0.16374040951444016
1447,0.16368240015152544
1448,0.16366985548544677
1449,0.16364915030795094
1450,0.16346341622000587
1451,0.1634551190718502
1452,0.16338052248004162
1453,0.16314890671762747
1454,0.16305963581126415
1455,0.16281691242433152
1456,0.16271878839963513
1457,0.16258049081801118
1458,0.16252242727156221
1459,0.16241716751098748
1460,0.16215506762105072
1461,0.16213298665294645
1462,0.16207440011760182
1463,0.16206325244438413
1464,0.16204844620470257
1465,0.1619384960347076
1466,0.16191412993494206
1467,0.1618435311456378
1468,0.16180728942865114
1469,0.16179972022449887
1470,0.16179909829175806
1471,0.16175418014187606
1472,0.16163642047553353
1473,0.16154220708852554
1474,0.16149839852319245
1475,0.16145939580176555
1476,0.16144300881636775
1477,0.16135829875010366
1478,0.16131091407151096
1479,0.16130949587639745
1480,0.16123949546177563
1481,0.16118482191992523
1482,0.16107085274517344
1483,0.16104607202358068
1484,0.16094442606915893
1485,0.16083179263631636
1486,0.1608181266066596
1487,0.16075713008194434
1488,0.16074025544473844
1489,0.16068948311735307
1490,0.16061240821780462
1491,0.1605617701713519
1492,0.16053809667850225
1493,0.16047959730797356
1494,0.16036952228026927
1495,0.16035039313687796
1496,0.1603251247634771
1497,0.16024497082570052
1498,0.16016098399182818
1499,0.16014402218980633
1500,0.16011214813684027
1501,0.1600841022683583
1502,0.1600220244287642
1503,0.16000528407249098
1504,0.1598713965593927
1505,0.1598631818644413
1506,0.15982644071661728
1507,0.15976100114209468
1508,0.1596153322440087
1509,0.15957396193771625
1510,0.15954933198769705
1511,0.1595113446185856
1512,0.15937421551665648
1513,0.15929796750495662
1514,0.15915095815334976
1515,0.1591061530821479
1516,0.1590792827607783
1517,0.1589127932507105
1518,0.15889803412714568
1519,0.15884786959766606
1520,0.1587712022525273
1521,0.15870948720703199
1522,0.15851541356642618
1523,0.1585103556512955
1524,0.15849607475631544
1525,0.15844551680726116
1526,0.1584401432141484
1527,0.1583841951813405
1528,0.1580610893434652
1529,0.15799886073229752
1530,0.15798561874769132
1531,0.1579827941364935
1532,0.15795298141363429
1533,0.1578140289179878
1534,0.15770755120579566
1535,0.15766025840363057
1536,0.15754683342002698
1537,0.15748755192196062
1538,0.15747110368561112
1539,0.1574085476174322
1540,0.15726869755976208
1541,0.15726198351312842
1542,0.15707452968692281
1543,0.1570485592833827
1544,0.15700219938032883
1545,0.15699930645076177
1546,0.1569308914934678
1547,0.15677203950592156
1548,0.15665282395157218
1549,0.15659271556565726
1550,0.15657234491259017
1551,0.1565355401580086
1552,0.15641047278196168
1553,0.1563986890411682
1554,0.15625425929695216
1555,0.15592969757106995
1556,0.15592723104235928
1557,0.15589795544323073
1558,0.15585285589629932
1559,0.15566917607104355
1560,0.15557910654650173
1561,0.15553307881207076
1562,0.15544702122486825
1563,0.15539850104786243
1564,0.15538286320872063
1565,0.1553705800370898
1566,0.15503369509087755
1567,0.1547711287513852
1568,0.15469971956487324
1569,0.1546460613753383
1570,0.1545762706274359
1571,0.154522381568929
1572,0.1544510548356213
1573,0.15438814068495527
1574,0.15428201634363858
1575,0.1542431455473385
1576,0.15417272108766614
1577,0.15413863022140806
1578,0.15406813273175476
1579,0.15404021878839963
1580,0.1539380427776647
1581,0.15391508309398347
1582,0.1538383168049996
1583,0.1536827299643425
1584,0.15367903606079109
1585,0.15365332950750465
1586,0.1536151654529555
1587,0.1535268863408493
1588,0.15336831469419757
1589,0.15332936144469322
1590,0.153305004768151
1591,0.15322891930705385
1592,0.15322135245870744
1593,0.15311918587119586
1594,0.15304779317532471
1595,0.15301409808444716
1596,0.15296354484700456
1597,0.15294960554387077
1598,0.1529045413340269
1599,0.15289356799044107
1600,0.15286571058642603
1601,0.152703298976261
1602,0.15254231734023868
1603,0.1525135129022774
1604,0.15249332600206558
1605,0.15248204169210938
1606,0.15241870820800446
1607,0.1523949687525914
1608,0.15235961517440502
1609,0.15234507042917128
1610,0.15225843566953887
1611,0.15219516814799738
1612,0.15206450337728325
1613,0.1520538127303978
1614,0.1519974547873744
1615,0.15193866565272784
1616,0.1519014863250183
1617,0.15188968609358391
1618,0.15183717282568546
1619,0.1514411665762037
1620,0.1513251219365101
1621,0.1512434956200858
1622,0.15124135654838636
1623,0.15115581723846785
1624,0.15110777057843514
1625,0.15104048876374848
1626,0.15100565581865194
1627,0.15100237889273357
1628,0.15098303301520533
1629,0.15069418766160828
1630,0.1505843529260993
1631,0.15055487237186302
1632,0.1504445240706817
1633,0.1504247847735788
1634,0.150389120229022
1635,0.15020670075988873
1636,0.15018348429337133
1637,0.15018335001243865
1638,0.15012080572328892
1639,0.1500160006332406
1640,0.14984587140315564
1641,0.14981703633971852
1642,0.14980125479642067
1643,0.149634706391207
1644,0.14961041567722821
1645,0.14959031358602648
1646,0.14955886122230513
1647,0.14948776064635774
1648,0.14902778720100113
1649,0.1489139263933178
1650,0.14889596572962133
1651,0.14876711728520706
1652,0.14869560208743243
1653,0.1486738603553686
1654,0.14865799400306065
1655,0.14849109458277737
1656,0.1484638968043965
1657,0.148443201050124
1658,0.14833676809824275
1659,0.14827623331147147
1660,0.1482761320118205
1661,0.14824367607481284
1662,0.14817814697966844
1663,0.14810890042291427
1664,0.14808343416182312
1665,0.1478554863890962
1666,0.14781243874904826
1667,0.1477568370196983
1668,0.1476471554115687
1669,0.14761420711114126
1670,0.1475450147379213
1671,0.1474952130025405
1672,0.14748693234502566
1673,0.14742478854286814
1674,0.14740755346736925
1675,0.14732134275278738
1676,0.14721217235452427
1677,0.14716126810201205
1678,0.14706730914203436
1679,0.14697345148170765
1680,0.1468711718155159
1681,0.14686886783740793
1682,0.1468168422213176
1683,0.14679766360600371
1684,0.14677867816676843
1685,0.14661656574394463
1686,0.14660022351885776
1687,0.14655297547700358
1688,0.14651203628317916
1689,0.14637314032687276
1690,0.14625989438451276
1691,0.14617676741977068
1692,0.14599623495111233
1693,0.14593410292798395
1694,0.14584399099893705
1695,0.14576118442378874
1696,0.14574675275723514
1697,0.14574452652071979
1698,0.14574389516475564
1699,0.14564494896382235
1700,0.1456134494839843
1701,0.1456089357600018
1702,0.14556227431380087
1703,0.1454981327882941
1704,0.14549095464791068
1705,0.14545274818885648
1706,0.1454290935424535
1707,0.1454211709674258
1708,0.14535538508944523
1709,0.14534595008707057
1710,0.14534565796714688
1711,0.14527046535646168
1712,0.14505027760815975
1713,0.1450499360163135
1714,0.14504488752440614
1715,0.14497736541752418
1716,0.1449596756714989
1717,0.14484541673262924
1718,0.14478395846997008
1719,0.14465018403555194
1720,0.14454449551831497
1721,0.1444031966400555
1722,0.14439770054503923
1723,0.14431591874542973
1724,0.14425166885285448
1725,0.1442122727118529
1726,0.14418609499739918
1727,0.14415189105246096
1728,0.14414272225614583
1729,0.1440145240141424
1730,0.14386267819315346
1731,0.14384621111035725
1732,0.14375977895002676
1733,0.14374399976253477
1734,0.14367049390882844
1735,0.14357600960414924
1736,0.14354986722678306
1737,0.14345047577854672
1738,0.1434156569682852
1739,0.14336711558902684
1740,0.14333940188916783
1741,0.14328115458986362
1742,0.14323500199772335
1743,0.14320848740303505
1744,0.14317447898998123
1745,0.1431496794219418
1746,0.14308171677936843
1747,0.14307890159139397
1748,0.1429192132927758
1749,0.1429082658630542
1750,0.14290659088510452
1751,0.14289096718079775
1752,0.1428227854482816
1753,0.14278233626207115
1754,0.14275367317246007
1755,0.1427435172934995
1756,0.14257962152565756
1757,0.1425517971029242
1758,0.1424730472254261
1759,0.1423312936766402
1760,0.14231572415586766
1761,0.142223075023935
1762,0.14219389836865157
1763,0.14206700053146978
1764,0.14206368826846386
1765,0.14194101910275836
1766,0.14167012498963447
1767,0.14147897961568326
1768,0.14141698894090507
1769,0.14137969889032123
1770,0.14133363110719105
1771,0.14128859045540554
1772,0.141203008740982
1773,0.14113085040821405
1774,0.14107849026769492
1775,0.14103975375232752
1776,0.1410027581774732
1777,0.14095639120700182
1778,0.14092328035597168
1779,0.14089728875017904
1780,0.1408237711174435
1781,0.14076619051119102
1782,0.14076530943980822
1783,0.1407452591763349
1784,0.14072470477041257
1785,0.14070024208260776
1786,0.14058131629237625
1787,0.140350536841034
1788,0.14028478394433513
1789,0.1400418579581006
1790,0.13999076759692727
1791,0.13993989632569676
1792,0.13985349007923045
1793,0.13977968974979457
1794,0.13975328587798055
1795,0.1396417808761336
1796,0.13960449553716142
1797,0.1395093021349255
1798,0.13950690392458406
1799,0.13950193553007517
1800,0.13941980978281354
1801,0.13941023343208872
1802,0.13940812498586516
1803,0.1393394885828226
1804,0.13918006177865225
1805,0.13917365398677733
1806,0.1391638632577214
1807,0.13913488920173991
1808,0.139131734777725
1809,0.1390685944696987
1810,0.13902521937263948
1811,0.13901422247099532
1812,0.1389699333212716
1813,0.13895337436204777
1814,0.13891672273484557
1815,0.13887205194457636
1816,0.1388618395262757
1817,0.13885538461828406
1818,0.13876351761388908
1819,0.138733313827261
1820,0.13870734577952673
1821,0.13865392317057543
1822,0.13863601197880152
1823,0.13857217435224764
1824,0.13850543908451501
1825,0.1384968239025714
1826,0.13840278955680696
1827,0.1383930176741977
1828,0.13828665068487989
1829,0.13820626587813134
1830,0.13819386962782038
1831,0.13814698438006498
1832,0.13814317268622173
1833,0.1380608820325516
1834,0.13804847871482312
1835,0.13800614959555527
1836,0.13797668082034814
1837,0.13784823286292602
1838,0.13783788145208103
1839,0.13781356011262635
1840,0.13779804948699972
1841,0.13776371126112882
1842,0.13771985793548486
1843,0.13771263503479053
1844,0.13770882569675313
1845,0.13765801567647437
1846,0.13764850057670128
1847,0.13754040207009371
1848,0.1375398720137805
1849,0.1375292143481768
1850,0.13748560838214563
1851,0.13746333188215693
1852,0.13737422588220216
1853,0.13735642541330256
1854,0.13731511164635019
1855,0.1372046007945662
1856,0.13707483358587572
1857,0.1369889550399168
1858,0.13696761379484512
1859,0.13690690467844194
1860,0.13690598591416575
1861,0.13684756192942382
1862,0.13670354916284083
1863,0.1366587912077557
1864,0.1366469886205155
1865,0.13662942608800538
1866,0.13661437484451683
1867,0.13656950616655736
1868,0.13645069816661767
1869,0.13637496136478428
1870,0.13637140880958304
1871,0.13623299343766726
1872,0.13622205071955734
1873,0.13622061603380298
1874,0.13610717927117022
1875,0.1358043168728468
1876,0.1357237742271072
1877,0.13569235248886174
1878,0.13562543582407974
1879,0.1354155947750111
1880,0.135369180688423
1881,0.13533201785135432
1882,0.13523985637122976
1883,0.1351558483351049
1884,0.13514058506909107
1885,0.13442740018921834
1886,0.13441546332104545
1887,0.13437947838689493
1888,0.1343425581978274
1889,0.1342870059404
1890,0.1342732009181989
1891,0.13426148785158046
1892,0.1342371405982616
1893,0.13422630389141432
1894,0.13413104217080912
1895,0.13409493473475512
1896,0.13399151250273272
1897,0.13396788377019397
1898,0.13395884218739398
1899,0.13393701093470836
1900,0.13387546315142743
1901,0.1338474903129264
1902,0.1337451281935304
1903,0.13373387450905005
1904,0.13365600334712893
1905,0.13349604884245125
1906,0.13346470955741005
1907,0.1334496253326398
1908,0.1333840326307378
1909,0.1333719897513023
1910,0.13328164224167174
1911,0.13325179418172498
1912,0.1332339630873495
1913,0.13294419190205878
1914,0.1328752751581217
1915,0.13287523510942248
1916,0.1328619507203112
1917,0.13285646640432414
1918,0.13277161027809817
1919,0.13276295504745536
1920,0.13265731835794678
1921,0.13261924617982526
1922,0.13242889235663508
1923,0.132427799262727
1924,0.1323871380539913
1925,0.13228292191540206
1926,0.13225972429533137
1927,0.13216540254125486
1928,0.13205674335285825
1929,0.13189802329043882
1930,0.13178563721720907
1931,0.13175520962902654
1932,0.131595886480313
1933,0.13158545261626373
1934,0.1315739138792772
1935,0.13147204883491267
1936,0.13140114614665552
1937,0.13126534807502394
1938,0.13118135417373408
1939,0.13115289603923078
1940,0.1310892939932605
1941,0.13108101804735736
1942,0.13103383361226073
1943,0.1310321609901169
1944,0.13102638926581783
1945,0.1310123251049747
1946,0.13094672297984938
1947,0.13079928251577447
1948,0.13077812502355807
1949,0.13075068459717604
1950,0.1307332233643169
1951,0.1306788560772252
1952,0.13056206464708145
1953,0.13055941672132138
1954,0.13053479383871966
1955,0.13050418720929355
1956,0.13050187380796224
1957,0.1304990609757936
1958,0.13041624497742196
1959,0.13034513262244538
1960,0.13033304262689313
1961,0.13032858779805656
1962,0.13013133146376582
1963,0.13006182105675795
1964,0.12998447523953835
1965,0.12993451802097233
1966,0.12979438997821352
1967,0.12977382850487368
1968,0.12967354420622537
1969,0.1296429140187409
1970,0.12943590700409344
1971,0.1293577555012778
1972,0.12932005789628423
1973,0.1292872203187311
1974,0.12915260957324107
1975,0.12904968206044432
1976,0.1289757757197458
1977,0.12894229500719934
1978,0.12891833410603765
1979,0.12888448824358656
1980,0.12885938477659423
1981,0.12873699359597743
1982,0.12870576032219885
1983,0.12865874550512246
1984,0.12865512698735782
1985,0.12864135965805007
1986,0.12861335383826733
1987,0.12857002350151903
1988,0.12843080008820137
1989,0.12839142043784066
1990,0.12838935204031632
1991,0.12835209968262584
1992,0.1283204070267092
1993,0.12829860639949944
1994,0.12825118402801336
1995,0.1281862462401339
1996,0.1281729806974693
1997,0.12811045289896042
1998,0.1280899361859315
1999,0.12800092677401603
2000,0.12790733767555465
2001,0.1277711791656301
2002,0.12775091687963153
2003,0.1277488296356605
2004,0.12773093493452745
2005,0.12768814878892734
2006,0.12767780444549984
2007,0.12766935652577063
2008,0.12760880995997015
2009,0.12756857750789666
2010,0.127522387222863
2011,0.12749775727284376
2012,0.12748639993290664
2013,0.12745640345719217
2014,0.12730948598201294
2015,0.12714512376461543
2016,0.12713329526351103
2017,0.12711199171133275
2018,0.1270521212618073
2019,0.1269027443253349
2020,0.12687906612087357
2021,0.12687024362801638
2022,0.12681731338248486
2023,0.12681232849733512
2024,0.12680092875289292
2025,0.12678347223164543
2026,0.1267801199199403
2027,0.1266798379770978
2028,0.12666757129610784
2029,0.12651878095528868
2030,0.12649482476573867
2031,0.12649419812138618
2032,0.1263702261950532
2033,0.1261506556678804
2034,0.12605758013509133
2035,0.12601258424361672
2036,0.12600044477614192
2037,0.12570543192286526
2038,0.12565934058167674
2039,0.1256417898281958
2040,0.12560131472812117
2041,0.12543534585114322
2042,0.12537534818810261
2043,0.12512733601706735
2044,0.12508188781087215
2045,0.12506381642430137
2046,0.12502939338942035
2047,0.12496448622701675
2048,0.12492168830238747
2049,0.12488791782572314
2050,0.12471364473317201
2051,0.12464454423637968
2052,0.124603522589351
2053,0.12453315466901871
2054,0.12451235525928941
2055,0.1244820643078454
2056,0.12440847600093478
2057,0.12425978460396077
2058,0.12423252086301649
2059,0.12398427546720342
2060,0.12397048693564315
2061,0.12394290044929929
2062,0.1239069367174013
2063,0.12389535557590972
2064,0.1238728505627549
2065,0.12383887277517697
2066,0.12381308612449209
2067,0.1237550649825482
2068,0.12370328201445899
2069,0.12368456984870073
2070,0.12366243234125637
2071,0.12364554828082713
2072,0.12359120926340547
2073,0.12354069136305042
2074,0.123440480094383
2075,0.12341023154744404
2076,0.12338722945925776
2077,0.12333496119516626
2078,0.12327743712825384
2079,0.12322456342206241
2080,0.12318315542287657
2081,0.12302784185569653
2082,0.12291281727993005
2083,0.12287876646237118
2084,0.12286788263940716
2085,0.1228292709817491
2086,0.1227917712644458
2087,0.12276782449811913
2088,0.1227600173575774
2089,0.1227471334554583
2090,0.12270747110839722
2091,0.12269212538917912
2092,0.12267921792900166
2093,0.12265746677371449
2094,0.12240492909966755
2095,0.12233441747517923
2096,0.12207045178702007
2097,0.1220379675803424
2098,0.12193143568461602
2099,0.12189937552298889
2100,0.12182998997369036
2101,0.12179821486456943
2102,0.12170275054466231
2103,0.12168388760733051
2104,0.12165956862368169
2105,0.12165247293650255
2106,0.12156574865624835
2107,0.12152941977444573
2108,0.12143533124514704
2109,0.12137567988556437
2110,0.12133328715953894
2111,0.12131671170967426
2112,0.12129204877837332
2113,0.12126740233771324
2114,0.12123782048382598
2115,0.12122048646448198
2116,0.12118285717785769
2117,0.12116214728875017
2118,0.1211454422695645
2119,0.12113473513203821
2120,0.12109820365093366
2121,0.12102004036908881
2122,0.12096547755011271
2123,0.12093671787246232
2124,0.12078189666870208
2125,0.12076831073644376
2126,0.12071728398202802
2127,0.12069917019095219
2128,0.1206170774249723
2129,0.12059178078190139
2130,0.12051895340027591
2131,0.12040486407942647
2132,0.12037267670428417
2133,0.12035940173839624
2134,0.12035479378218031
2135,0.12026544042261272
2136,0.12025236334441504
2137,0.1202065170070335
2138,0.12014391382273786
2139,0.1199981671830593
2140,0.11990099019230914
2141,0.11983491219440487
2142,0.11979148998122893
2143,0.11978929437018944
2144,0.11977537626930819
2145,0.11977023590097323
2146,0.11973956095317789
2147,0.11972845804027109
2148,0.1197244036984267
2149,0.11967392820257669
2150,0.11964677754031255
2151,0.11964141808203481
2152,0.11962808186519513
2153,0.11956774025450241
2154,0.1195598812862323
2155,0.1195594407505409
2156,0.1195261320118205
2157,0.11951596670963656
2158,0.11950702878229338
2159,0.11944207685957889
2160,0.11939109486547406
2161,0.11935189190055107
2162,0.11928273250861282
2163,0.11921056475262154
2164,0.11919736517252037
2165,0.11915499836035914
2166,0.1190956862368169
2167,0.1190803593640455
2168,0.11894975820008896
2169,0.11876223134390242
2170,0.11874579488658209
2171,0.1186984761705528
2172,0.11863570101243112
2173,0.11863036511221174
2174,0.11858032779624729
2175,0.11856858881576468
2176,0.11856623536573414
2177,0.11855495812319546
2178,0.11855341742617846
2179,0.1185517094669471
2180,0.11850636020459702
2181,0.11844711168781238
2182,0.11843440447113102
2183,0.11839845251826221
2184,0.11838849923860355
2185,0.11838221394863213
2186,0.11827583046867343
2187,0.11825808418330808
2188,0.1181235558910223
2189,0.11809906022193575
2190,0.11809504121717891
2191,0.11806203166579973
2192,0.11803313299560501
2193,0.11801503805097587
2194,0.11799982661269044
2195,0.11794390213794091
2196,0.11785383025759323
2197,0.11785110459024056
2198,0.11782220356424
2199,0.1176633233070237
2200,0.11765421340585445
2201,0.11762043586177262
2202,0.11755441440320842
2203,0.11755077468319124
2204,0.11753649378821117
2205,0.11753419923332654
2206,0.11746329654506939
2207,0.1174436043640832
2208,0.11744231338248487
2209,0.11741092698132694
2210,0.11725657693873397
2211,0.1171798106497501
2212,0.11704865351561616
2213,0.11702935475420465
2214,0.11701338239063407
2215,0.11700456460938854
2216,0.1169493327415549
2217,0.11686008539324996
2218,0.11684398817197006
2219,0.11680371331539152
2220,0.1167618011737567
2221,0.11674194408636196
2222,0.11668548719949341
2223,0.11661210384769055
2224,0.11652735844433891
2225,0.11651165464263367
2226,0.11650430217261837
2227,0.11650144458013886
2228,0.11649508861599234
2229,0.11632926579897626
2230,0.11628063725490197
2231,0.1162772708083618
2232,0.11624993168163074
2233,0.11620353408568349
2234,0.11614208289044184
2235,0.1161035701766289
2236,0.11608738107892139
2237,0.11608636572660591
2238,0.11599203219350024
2239,0.11598870815146513
2240,0.11596802653202765
2241,0.1159408805813752
2242,0.11593302632471673
2243,0.115796194054323
2244,0.11574402473407663
2245,0.11573175569728084
2246,0.11568568791415067
2247,0.11561227864848361
2248,0.11548118512110726
2249,0.11545824899548439
2250,0.11536504860498602
2251,0.11535713545318166
2252,0.11527952578570837
2253,0.11525622215437502
2254,0.11519378623229376
2255,0.11510187917919955
2256,0.11504351408960355
2257,0.11502171110658796
2258,0.11500478228584783
2259,0.11494838664993103
2260,0.11487610817106543
2261,0.11481611521963649
2262,0.11478963360622989
2263,0.11473893666463125
2264,0.11466145185486729
2265,0.11465597460629773
2266,0.11465434438865896
2267,0.1146393119916171
2268,0.1146355615487256
2269,0.11458643121800816
2270,0.11447514295029815
2271,0.11447229949265365
2272,0.11444861422077482
2273,0.11440642880566299
2274,0.11440346520192082
2275,0.11433300304935508
2276,0.11430329633775847
2277,0.11425475731430595
2278,0.11423585432827495
2279,0.11419728507512193
2280,0.11415932361987471
2281,0.11409781824109883
2282,0.11405963769590881
2283,0.11402874601397653
2284,0.11401841109377238
2285,0.11400642946528862
2286,0.11398210341422228
2287,0.1139424740484429
2288,0.11392006797913322
2289,0.11391479097405975
2290,0.11387667639143316
2291,0.1137918461790714
2292,0.11374434606599272
2293,0.11374326475111382
2294,0.11368546976653021
2295,0.11360644190394344
2296,0.11355347396551854
2297,0.11292595325327363
2298,0.11285469954994685
2299,0.1128488147469676
2300,0.11274002598924998
2301,0.11269755316582611
2302,0.11264846052800205
2303,0.11264123998311358
2304,0.1126109184061937
2305,0.11260568144981944
2306,0.11255603519762385
2307,0.11245466016087327
2308,0.11241197060331246
2309,0.11241119554319229
2310,0.11239130311871
2311,0.11229100704103248
2312,0.1122752019396763
2313,0.11219457212912078
2314,0.11217498595939722
2315,0.11213859111503117
2316,0.11213256025209008
2317,0.11211303062170658
2318,0.11207438598276681
2319,0.11206251507715735
2320,0.11198011605641872
2321,0.11197833742301226
2322,0.11197799111955432
2323,0.11194890162908686
2324,0.11187657838991037
2325,0.1117950321708845
2326,0.11167032052151887
2327,0.1115822699225788
2328,0.1115146747857159
2329,0.11150573685837273
2330,0.1114922168886778
2331,0.11147993136124115
2332,0.1114237406804321
2333,0.11141831997120263
2334,0.1114077070659098
2335,0.11140165971232784
2336,0.1113423146075039
2337,0.1113284459785452
2338,0.11131027093651763
2339,0.11128034513497825
2340,0.11124653932122637
2341,0.11115367109935093
2342,0.11112352620786876
2343,0.11111657422484565
2344,0.11110969998341513
2345,0.11106354503546902
2346,0.11103819420886386
2347,0.1109819446329089
2348,0.11092756792259388
2349,0.11091594437659724
2350,0.11091441781441527
2351,0.11089119899209203
2352,0.11085382413249806
2353,0.11084345151940053
2354,0.11081354692011368
2355,0.11080648892582792
2356,0.11075672017172883
2357,0.11074272197344913
2358,0.11070623996426714
2359,0.1106705188803703
2360,0.11062092916751476
2361,0.11060557166926747
2362,0.11058784423034881
2363,0.11056772564850623
2364,0.11055910575495097
2365,0.11054882737408689
2366,0.11053743469706222
2367,0.11047349105924568
2368,0.11045855760604896
2369,0.11043708443585047
2370,0.11042604041808958
2371,0.11041735927358255
2372,0.11037030911941863
2373,0.110354294351343
2374,0.1103144364723975
2375,0.11030673063150674
2376,0.11029838872304015
2377,0.11025776049558617
2378,0.11025666269006641
2379,0.11020030945865467
2380,0.1101058793375097
2381,0.11005259336529691
2382,0.10996493383012566
2383,0.10994907454523524
2384,0.10993276530143006
2385,0.1097746648159456
2386,0.10974983226662445
2387,0.10969276051443261
2388,0.10966427882187092
2389,0.10959538328018635
2390,0.1095918495714318
2391,0.10956468241852681
2392,0.10932538201747442
2393,0.10931815676097428
2394,0.10930656855206519
2395,0.10928309294690579
2396,0.10926267282191615
2397,0.10923808998801365
2398,0.10917917363985194
2399,0.10916149331705001
2400,0.10911059613195528
2401,0.10910011279598344
2402,0.10906984304679196
2403,0.1089859787148231
2404,0.10897062828399334
2405,0.10895190433920589
2406,0.10893485772817393
2407,0.10891271079750624
2408,0.10886790572630436
2409,0.10881968238083392
2410,0.10880035534975235
2411,0.1087964847607632
2412,0.10877665829884434
2413,0.10874597157201982
2414,0.10870388745655894
2415,0.10866303542755049
2416,0.10862677250831128
2417,0.10861195684540637
2418,0.10851552428930049
2419,0.10847956998062586
2420,0.10845746545446322
2421,0.10843482144876405
2422,0.10840855656949439
2423,0.10836226027319809
2424,0.10835004541993652
2425,0.1083347562400585
2426,0.10831141727163761
2427,0.10830286805225743
2428,0.10829611160111872
2429,0.10825553991300481
2430,0.10823099006038402
2431,0.10819863306722151
2432,0.10815516138212301
2433,0.10815132613022141
2434,0.10814818819684736
2435,0.10813998999253681
2436,0.1081029237435074
2437,0.10806720501541639
2438,0.10806374198083693
2439,0.10806115295022277
2440,0.10803454176749516
2441,0.10798951525054466
2442,0.10798288130130945
2443,0.10783813587911135
2444,0.1078084126768739
2445,0.10777647501715026
2446,0.1077539016856262
2447,0.10767790338934498
2448,0.10762781660145797
2449,0.10757942128216146
2450,0.1075565770329662
2451,0.1075485508024817
2452,0.10752446268780484
2453,0.10752202207295837
2454,0.10751050218241853
2455,0.10749319172113289
2456,0.1072648316823846
2457,0.10725765589780703
2458,0.10722526827916865
2459,0.10717640651031654
2460,0.10711761737567
2461,0.10708106233650708
2462,0.10706983456589095
2463,0.10702097750865051
2464,0.10698655682957535
2465,0.10695203720665505
2466,0.10687155581186723
2467,0.10684595526984342
2468,0.10677303601179033
2469,0.10675989768264091
2470,0.10654436736247748
2471,0.10650431159584171
2472,0.10645610002940045
2473,0.10638854494123678
2474,0.1063689705505424
2475,0.10636569833623569
2476,0.10635918217729229
2477,0.10629633398918968
2478,0.1062882771332293
2479,0.10628267502695042
2480,0.1062740197963076
2481,0.10623716085819179
2482,0.10620789232648077
2483,0.10615260391930706
2484,0.10613293529637922
2485,0.10613268322515473
2486,0.10612326000180926
2487,0.10611192150831882
2488,0.10610059950546924
2489,0.10609677132098515
2490,0.10608289562460893
2491,0.10605827509781306
2492,0.1060302999035062
2493,0.10600386540621631
2494,0.10587190494229218
2495,0.105778600896337
2496,0.10576357792251849
2497,0.10575861188381543
2498,0.10575330189746025
2499,0.1056887669523788
2500,0.10564803978107967
2501,0.10555162842722633
2502,0.10553014112219282
2503,0.10537218198505854
2504,0.10535546283103783
2505,0.10535440271841147
2506,0.10532992118415994
2507,0.10532570664751868
2508,0.10530832315625212
2509,0.1052747152301905
2510,0.10522131617929756
2511,0.10521598027907818
2512,0.10517832507858968
2513,0.10515387652561986
2514,0.10504364837053622
2515,0.10498294632155053
2516,0.10496448387121092
2517,0.10491947384490129
2518,0.10491727587805595
2519,0.10486100745565431
2520,0.10473944787449774
2521,0.10471895943113885
2522,0.10463961353476416
2523,0.10459757182380834
2524,0.10457019971579558
2525,0.10456510410777152
2526,0.10456468713013849
2527,0.10456290849673203
2528,0.10455372320977603
2529,0.10449127786447143
2530,0.10448926365048133
2531,0.1044560821252761
2532,0.10445529999773842
2533,0.10443791415066603
2534,0.10442383821079373
2535,0.10435152439484059
2536,0.10435126996781027
2537,0.10426344788203631
2538,0.10426152083286218
2539,0.10422896830781525
2540,0.10421558497485885
2541,0.10416266179674484
2542,0.10416001858259644
2543,0.10410045909944139
2544,0.10408444197555992
2545,0.10396623706191435
2546,0.10384444661178581
2547,0.10383339317080158
2548,0.10383168521157021
2549,0.10380975265923363
2550,0.10379368135181793
2551,0.10366559147688295
2552,0.1036494777649622
2553,0.10362016447294027
2554,0.10358807839744895
2555,0.10356090888873812
2556,0.10353536724186022
2557,0.10352854247235227
2558,0.10350521292715471
2559,0.10349126891240926
2560,0.10346414651981516
2561,0.10346225716353438
2562,0.1033971497576347
2563,0.10327863858923039
2564,0.1032583833706493
2565,0.10321795067507972
2566,0.10314252248381091
2567,0.103138835647677
2568,0.10283037349888052
2569,0.10281974410294684
2570,0.10279562771859993
2571,0.10278431042736202
2572,0.10275004994308373
2573,0.10272685467881885
2574,0.10270865136712125
2575,0.10266687586222494
2576,0.10260119363970117
2577,0.10258246498330205
2578,0.10254048216749215
2579,0.1025295512284114
2580,0.10249495621970434
2581,0.10244458437931113
2582,0.1024147339635585
2583,0.1023778161302968
2584,0.10237009144295935
2585,0.10235378219915417
2586,0.1022426517704352
2587,0.10221764960309383
2588,0.10216500441006852
2589,0.10213478884441128
2590,0.10211649365628604
2591,0.10205882352941177
2592,0.10201129750246889
2593,0.1018840816314992
2594,0.10184735697431606
2595,0.10181364539279764
2596,0.10179236775448357
2597,0.10176907119056773
2598,0.10176889921674168
2599,0.10176471294977045
2600,0.10176400620801954
2601,0.10173318991187401
2602,0.10170994517568657
2603,0.10170655988269972
2604,0.10167645503991678
2605,0.10146089880588914
2606,0.10145219645912959
2607,0.1014475201845444
2608,0.10140489423374117
2609,0.1012897471560712
2610,0.10128222506803568
2611,0.10121305154126241
2612,0.10117972631190116
2613,0.10110024377878794
2614,0.101078417237714
2615,0.10107247825120051
2616,0.10106412456370475
2617,0.10101449715795584
2618,0.10101234159561556
2619,0.1010027628890849
2620,0.10099124771015673
2621,0.10097261093018522
2622,0.10087227480380849
2623,0.10086657846529615
2624,0.10085178164883793
2625,0.10084841991390943
2626,0.10084715013456363
2627,0.10084057036886265
2628,0.10078566595804027
2629,0.10074576096297803
2630,0.10073606446615554
2631,0.10069539854580817
2632,0.10066547510007463
2633,0.10058835308440947
2634,0.10057498624209392
2635,0.10053628506381407
2636,0.10053468311584533
2637,0.10050396105193327
2638,0.10049038925450995
2639,0.10045753283051014
2640,0.10043536940920159
2641,0.10042516641412429
2642,0.10041935464112596
2643,0.10041477495458007
2644,0.10036903227265531
2645,0.10032597520938402
2646,0.10027118152143595
2647,0.10025610907569486
2648,0.10018522994549607
2649,0.10015601795312512
2650,0.10014936280163737
2651,0.09994665042102963
2652,0.0999208802609856
2653,0.099903857208012
2654,0.09989756249481722
2655,0.09981476298708641
2656,0.09971963554741389
2657,0.09969992687578684
2658,0.09966087939404905
2659,0.09959151504700303
2660,0.09955912978417049
2661,0.09943311537417736
2662,0.09939044701886907
2663,0.09937763850253672
2664,0.09930032331079298
2665,0.09929426182237601
2666,0.09928495638932236
2667,0.09926906647895606
2668,0.09912965695697733
2669,0.09912066720190575
2670,0.0991148012453732
2671,0.09899025921402779
2672,0.09895210222689614
2673,0.0989404598344528
2674,0.09893547494930306
2675,0.09890175158875546
2676,0.09889871731083821
2677,0.09879334682738916
2678,0.0987852711249821
2679,0.09870955081378957
2680,0.09869754562724743
2681,0.09866452900845074
2682,0.0986475672064289
2683,0.0986206780386126
2684,0.09861579680891965
2685,0.09859667944455752
2686,0.09857713096772734
2687,0.09846814667812531
2688,0.09840959076825655
2689,0.09836369731475827
2690,0.09834916199274789
2691,0.09834520423894279
2692,0.09833981651099502
2693,0.09833958564202305
2694,0.09831947412759798
2695,0.09825271059019533
2696,0.09820899154548401
2697,0.0981950899352436
2698,0.09817144942367566
2699,0.09813301445145532
2700,0.09812899780250432
2701,0.09810443145924268
2702,0.09810032528966989
2703,0.09805793256364445
2704,0.09801336307302622
2705,0.09799928006573641
2706,0.09796275094043769
2707,0.09794934640522876
2708,0.09794451464745837
2709,0.09791684570791023
2710,0.09756474932341257
2711,0.09751536456566479
2712,0.09747542187770918
2713,0.09744375042404504
2714,0.09741858570610097
2715,0.09740238482936427
2716,0.09735346180956042
2717,0.097329712930924
2718,0.09724912552487354
2719,0.09719925547112347
2720,0.09716241302364852
2721,0.09714176202968693
2722,0.09698996803642641
2723,0.09698226455134148
2724,0.09694431016351177
2725,0.09681181493166278
2726,0.09669913438270349
2727,0.09666347454975839
2728,0.09664223696014354
2729,0.09661758816367762
2730,0.09660541571492111
2731,0.09659691361165766
2732,0.09655692380758532
2733,0.09652219922955727
2734,0.09646377288900951
2735,0.09645573252368998
2736,0.0964096576731423
2737,0.09637774592728288
2738,0.09632371787623162
2739,0.09630364169889409
2740,0.09626926342432397
2741,0.09625292591084877
2742,0.09624666417893571
2743,0.09624246142132363
2744,0.09621636380426835
2745,0.09619096350574063
2746,0.09618928381617929
2747,0.09618607285282432
2748,0.09616038750179041
2749,0.09611441159508786
2750,0.09609183119614628
2751,0.09608670967425802
2752,0.0959616234517644
2753,0.09579749445914468
2754,0.09576586776579143
2755,0.09575541505529547
2756,0.09573174156244582
2757,0.09568137207785844
2758,0.09567573699029785
2759,0.09566741392827796
2760,0.09559865266752607
2761,0.09559487159915869
2762,0.09553095151940053
2763,0.09552593836458075
2764,0.09552540830826756
2765,0.09549454254019947
2766,0.09549210428115883
2767,0.09545395436144469
2768,0.09545386248501707
2769,0.09544005510701012
2770,0.09535928394810443
2771,0.09534201824712969
2772,0.09524362801637379
2773,0.09521225575005089
2774,0.09520173236537983
2775,0.0951753332051775
2776,0.095110381282463
2777,0.09506576467572804
2778,0.09504211002932507
2779,0.09502087243971022
2780,0.09498316541149332
2781,0.09498240213040234
2782,0.09497745022653428
2783,0.09496675251223134
2784,0.0949648066166105
2785,0.0949628041816496
2786,0.09494347715056803
2787,0.09489071652305674
2788,0.09483903014300683
2789,0.09481237419996834
2790,0.09475116565272783
2791,0.09473540531168254
2792,0.09471915496302327
2793,0.094710146361505
2794,0.09467924525634937
2795,0.09466339539468228
2796,0.09465796290642363
2797,0.09465774617228667
2798,0.09461530161853283
2799,0.09459160927923649
2800,0.09457561100180172
2801,0.09453302981130937
2802,0.0945118817423163
2803,0.09449720271614989
2804,0.09449406478277586
2805,0.09442370157405523
2806,0.09440332385357064
2807,0.09438643272572389
2808,0.09430135986536098
2809,0.09425768322515472
2810,0.09423374352624556
2811,0.09420678368425417
2812,0.09419559125072559
2813,0.09419540985367619
2814,0.09418539061145412
2815,0.09417645268411094
2816,0.0941163819910894
2817,0.09411435599807012
2818,0.09407127773254631
2819,0.09403906208773398
2820,0.09402981790563207
2821,0.09402667054903469
2822,0.09401492450113455
2823,0.09400098284219494
2824,0.09395614478971134
2825,0.09395531554605695
